paths:
	path:
		segment:
			-3.61746 3.0928 0
			-3.63587 0.17489 0
			-3.63587 0.17489 0
			-3.62667 -2.8995 0
		segment:
			-3.62667 -2.8995 0
			2.1263 -2.65097 0
			2.19073 -0.810018 0
			-3.23087 0.1933 0
		segment:
			-3.23087 0.1933 0
			1.63844 1.50958 0
			1.64765 2.22755 0
			-3.61746 3.0928 0
	path:
		segment:
			-2.81665 1.44515 0
			-0.239324 2.62335 0
			-0.101252 0.773199 0
			-2.81665 1.44515 0
	path:
		segment:
			-2.80745 -1.66606 0
			-1.03093 -0.71797 0
			0.856042 -2.29198 0
			-2.80745 -1.66606 0
