paths:
	path:
		segment:
			-3.00995 2.9087 0
			-2.93631 0.800813 0
			-2.94552 0.358985 0
			-2.94552 -2.07107 0
		segment:
			-2.94552 -2.07107 0
			-2.20914 -2.10789 0
			-2.18152 -1.72129 0
			-2.20914 -0.0736381 0
		segment:
			-2.20914 -0.0736381 0
			-1.06775 -0.285347 0
			-0.91127 -0.54308 0
			-0.754789 -2.06186 0
		segment:
			-0.754789 -2.06186 0
			0.119662 -0.138071 0
			-0.0552284 0.202504 0
			-2.21834 0.469442 0
		segment:
			-2.21834 0.469442 0
			0.0552289 1.90538 0
			0.147276 2.3288 0
			-0.810018 3.00075 0
		segment:
			-0.810018 3.00075 0
			-0.71797 1.26105 0
			-0.938884 1.08616 0
			-2.22755 1.02173 0
		segment:
			-2.22755 1.02173 0
			-2.20914 3.26769 0
			-2.56812 3.35053 0
			-3.00995 2.9087 0
