paths:
	path:
		segment:
			-3.71872 -1.65685 0
			-3.6911 0.147276 0
			-3.70951 0.727175 0
			-3.70031 2.48528 0
		segment:
			-3.70031 2.48528 0
			-2.79824 1.34389 0
			-2.43005 0.819222 0
			-2.05266 0.248528 0
		segment:
			-2.05266 0.248528 0
			-1.58322 1.01252 0
			-1.30707 1.47276 0
			-0.763994 2.42085 0
		segment:
			-0.763994 2.42085 0
			-0.708766 0.423418 0
			-0.754789 0.0184094 0
			-0.745584 -1.65685 0
		segment:
			-0.745584 -1.65685 0
			-1.26105 -0.469442 0
			-1.22423 -0.101252 0
			-0.89286 1.69367 0
		segment:
			-0.89286 1.69367 0
			-1.95141 -0.497056 0
			-2.19073 -0.460238 0
			-3.52542 1.99743 0
		segment:
			-3.52542 1.99743 0
			-3.26768 0.71797 0
			-3.16643 -0.0828426 0
			-3.71872 -1.65685 0
