paths:
	path:
		segment:
			-3.44257 -1.169 0
			-3.44257 0.681151 0
			-3.44257 0.681151 0
			-3.40576 2.5129 0
		segment:
			-3.40576 2.5129 0
			-2.73381 1.5464 0
			-2.08948 0.312961 0
			-1.46355 -1.21503 0
		segment:
			-1.46355 -1.21503 0
			-1.45435 0.230119 0
			-1.43594 0.810018 0
			-1.47276 2.49449 0
		segment:
			-1.47276 2.49449 0
			-0.91127 0.791608 0
			-0.837632 0.322166 0
			-1.48196 -1.62924 0
		segment:
			-1.48196 -1.62924 0
			-2.06186 -0.800813 0
			-2.77983 0.948089 0
			-3.19405 1.65685 0
		segment:
			-3.19405 1.65685 0
			-2.66017 -1.45435 0
			-3.41496 -2.30119 0
			-3.44257 -1.169 0
