paths:
	path:
		segment:
			-2.81665 0.1933 0
			-2.80745 2.47608 0
			-2.41164 2.47608 0
			-1.96982 2.47608 0
		segment:
			-1.96982 2.47608 0
			-1.56481 2.49449 0
			-1.13218 2.47608 0
			-1.12298 0.211709 0
		segment:
			-1.12298 0.211709 0
			-1.14139 -1.66606 0
			-1.57401 -1.65685 0
			-1.97902 -1.66606 0
		segment:
			-1.97902 -1.66606 0
			-2.39323 -1.64765 0
			-2.80745 -1.65685 0
			-2.81665 0.1933 0
		segment:
			-2.59574 0.1933 0
			-2.39323 -1.24264 0
			-2.18152 -1.24264 0
			-1.99743 -1.25185 0
		segment:
			-1.99743 -1.25185 0
			-1.76731 -1.24264 0
			-1.58322 -1.24264 0
			-1.3531 0.202504 0
		segment:
			-1.3531 0.202504 0
			-1.56481 2.26437 0
			-1.75811 2.26437 0
			-1.96061 2.28278 0
		segment:
			-1.96061 2.28278 0
			-2.17232 2.26437 0
			-2.37482 2.26437 0
			-2.59574 0.1933 0
