paths:
	path:
		segment:
			-3.62667 0.220914 0
			-3.61746 3.31371 0
			-3.21246 3.32291 0
			-2.82586 3.32291 0
		segment:
			-2.82586 3.32291 0
			-2.40244 3.3045 0
			-1.97902 3.31371 0
			-1.96061 0.211709 0
		segment:
			-1.96061 0.211709 0
			-1.98822 -2.25516 0
			-2.38403 -2.28278 0
			-2.79824 -2.27357 0
		segment:
			-2.79824 -2.27357 0
			-3.20325 -2.29198 0
			-3.62667 -2.28278 0
			-3.62667 0.220914 0
	path:
		segment:
			-3.41496 0.211709 0
			-3.43337 -2.07107 0
			-3.00995 -2.07107 0
			-2.82586 -2.07107 0
		segment:
			-2.82586 -2.07107 0
			-2.61415 -2.07107 0
			-2.17232 -2.07107 0
			-2.16312 0.202504 0
		segment:
			-2.16312 0.202504 0
			-2.17232 3.102 0
			-2.39323 3.09279 0
			-2.79824 3.1112 0
		segment:
			-2.79824 3.1112 0
			-3.22166 3.1112 0
			-3.42417 3.09279 0
			-3.41496 0.211709 0
	path:
		segment:
			-2.59574 -1.27025 0
			-1.80413 -1.62004 0
			-2.86268 -2.57733 0
			-1.97902 -2.68779 0
		segment:
			-1.97902 -2.68779 0
			-2.87188 -3.01916 0
			-2.66017 -1.50037 0
			-2.59574 -1.27025 0
