paths:
	path:
		segment:
			-3.6911 2.5221 0
			-3.65428 0.377395 0
			-3.65428 0.377395 0
			-3.66349 -2.08027 0
		segment:
			-3.66349 -2.08027 0
			-2.97313 -2.35642 0
			-3.03757 1.82254 0
			-1.47276 -2.08027 0
		segment:
			-1.47276 -2.08027 0
			-1.50037 -0.156481 0
			-1.85936 0.0736381 0
			-2.88109 0.607513 0
		segment:
			-2.88109 0.607513 0
			0.607513 1.66606 0
			0.598308 2.53131 0
			-3.6911 2.5221 0
	path:
		segment:
			-1.23344 1.71208 0
			-4.34464 3.00075 0
			-3.2953 0.0276142 0
			-1.23344 1.71208 0
