paths:
	path:
		segment:
			-3.95804 2.29198 0
			-2.98234 0.0276142 0
			-2.98234 0.0276142 0
			-2.21834 -1.64765 0
		segment:
			-2.21834 -1.64765 0
			-1.65685 -0.837632 0
			-1.65685 -0.837632 0
			-1.07696 0.0184094 0
		segment:
			-1.07696 0.0184094 0
			-0.570694 -0.856042 0
			-0.570694 -0.89286 0
			-0.0184095 -1.62924 0
		segment:
			-0.0184095 -1.62924 0
			0.71797 0 0
			0.727175 0.101252 0
			1.45435 2.48528 0
		segment:
			1.45435 2.48528 0
			0.294552 0.276142 0
			0.294552 0.276142 0
			-0.0644334 -1.13218 0
		segment:
			-0.0644334 -1.13218 0
			-0.524671 0.681151 0
			-1.51878 0.828427 0
			-2.21834 -1.15059 0
		segment:
			-2.21834 -1.15059 0
			-2.80745 0.598309 0
			-3.12041 1.13218 0
			-3.95804 2.29198 0
