paths:
	path:
		segment:
			-3.72792 2.47608 0
			-1.79493 2.48528 0
			-1.7489 2.46687 0
			0 2.48528 0
		segment:
			0 2.48528 0
			-1.95141 0.800813 0
			-1.95141 0.800813 0
			-3.6819 -0.810018 0
		segment:
			-3.6819 -0.810018 0
			-1.96061 -0.846837 0
			-1.96061 -0.846837 0
			-0.0460239 -0.837632 0
		segment:
			-0.0460239 -0.837632 0
			-1.85936 -0.451032 0
			-1.81333 -0.460238 0
			-3.06518 -0.671947 0
		segment:
			-3.06518 -0.671947 0
			-1.62924 0.497056 0
			-1.62924 0.497056 0
			0.497056 2.65097 0
		segment:
			0.497056 2.65097 0
			-1.71208 2.89029 0
			-1.71208 2.89029 0
			-3.72792 2.47608 0
