paths:
	path:
		segment:
			-5.13625 2.40244 0
			-3.31371 1.04014 0
			-3.22166 0.681151 0
			-5.18227 -0.819222 0
		segment:
			-5.18227 -0.819222 0
			-0.0184095 2.21834 0
			3.13882 -2.8995 0
			4.40907 1.19662 0
		segment:
			4.40907 1.19662 0
			3.77395 4.31703 0
			-1.21503 -0.395804 0
			-5.11784 2.39323 0
	path:
		segment:
			2.89949 1.5556 0
			3.17564 1.58322 0
			3.91202 1.31628 0
			3.91202 1.31628 0
	path:
		segment:
			2.67858 1.23344 0
			3.00995 1.41753 0
			3.17564 1.43594 0
			3.51621 1.31628 0
		segment:
			3.51621 1.31628 0
			3.19405 1.169 0
			3.19405 1.169 0
			2.67858 1.23344 0
	path:
		segment:
			-2.45767 0.708766 0
			-1.76731 1.08616 0
			-1.96061 0.662742 0
			-1.96061 0.662742 0
		segment:
			-2.1263 0.506261 0
			-2.1263 0.506261 0
			-2.45767 0.708766 0
			-1.07696 1.02173 0
		segment:
			-0.635127 1.39912 0
			-0.54308 1.1598 0
			-1.07696 1.02173 0
			-0.0736379 0.312961 0
		segment:
			0.110457 0.690356 0
			0.460237 0.487852 0
			-0.0736379 0.312961 0
			0.800813 1.38071 0
		segment:
			1.08616 1.69367 0
			1.31628 1.5464 0
			0.800813 1.38071 0
			1.61083 0.101252 0
