paths:
	path:
		segment:
			-1.56481 0.414214 0
			-1.56481 4.13447 0
			-1.77191 4.11912 0
			-1.76424 0.414214 0
		segment:
			-1.76424 0.414214 0
			-1.75657 -3.52849 0
			-1.56481 -3.52082 0
			-1.54947 0.207107 0
		segment:
			-1.54947 0.207107 0
			-0.521602 0.199436 0
			-0.421884 0.191766 0
			0.521602 0.207107 0
		segment:
			0.521602 0.207107 0
			0.506261 -3.51314 0
			0.728709 -3.52082 0
			0.721039 0.207107 0
		segment:
			0.721039 0.207107 0
			0.728709 4.14214 0
			0.521602 4.12679 0
			0.521602 0.414214 0
		segment:
			0.521602 0.414214 0
			-0.506261 0.414214 0
			-1.56481 0.414214 0
			-1.56481 0.414214 0
