paths:
	path:
		segment:
			-2.95472 3.32291 0
			-1.09536 3.2953 0
			-1.09536 3.2953 0
			0.708766 3.33212 0
		segment:
			0.708766 3.33212 0
			2.23675 2.95472 0
			1.96982 2.43926 0
			-0.708766 2.58653 0
		segment:
			-0.708766 2.58653 0
			-0.745584 0.828427 0
			-0.745584 0.828427 0
			-0.73638 -1.22423 0
		segment:
			-0.73638 -1.22423 0
			2.7246 -1.44515 0
			2.7246 -1.86856 0
			-1.14139 -2.06186 0
		segment:
			-1.14139 -2.06186 0
			-4.97056 -1.933 0
			-4.36305 -1.30707 0
			-1.45435 -1.23344 0
		segment:
			-1.45435 -1.23344 0
			-1.48196 0.800813 0
			-1.48196 0.800813 0
			-1.48196 2.50369 0
		segment:
			-1.48196 2.50369 0
			-4.17896 2.46687 0
			-5.15466 2.8995 0
			-2.95472 3.32291 0
