paths:
	path:
		segment:
			-2.94552 2.88109 0
			-1.47276 2.87188 0
			-1.47276 2.87188 0
			0 2.88109 0
		segment:
			0 2.88109 0
			0.570694 2.85347 0
			0.579899 2.43926 0
			-1.31628 2.47608 0
		segment:
			-1.31628 2.47608 0
			-0.469442 -2.3196 0
			-3.03757 -2.41164 0
			-2.95472 0.0552284 0
		segment:
			-2.95472 0.0552284 0
			-2.23675 -2.04345 0
			-1.48196 -2.08027 0
			-1.65685 2.43926 0
		segment:
			-1.65685 2.43926 0
			-3.67269 2.44846 0
			-3.70951 2.9179 0
			-2.94552 2.88109 0
