paths:
	path:
		segment:
			-5.69774 2.92711 0
			-5.17307 0.837632 0
			-5.17307 0.837632 0
			-4.41828 -1.67526 0
		segment:
			-4.41828 -1.67526 0
			-3.90281 -0.837632 0
			-3.90281 -0.837632 0
			-3.33212 0.00920482 0
		segment:
			-3.33212 0.00920482 0
			-2.7062 -0.791608 0
			-2.7062 -0.791608 0
			-2.18152 -1.64765 0
		segment:
			-2.18152 -1.64765 0
			-1.46355 0.810018 0
			-1.46355 0.810018 0
			-0.837632 2.89029 0
		segment:
			-0.837632 2.89029 0
			-1.86856 0.846837 0
			-2.01584 0.405009 0
			-2.24596 -0.846837 0
		segment:
			-2.24596 -0.846837 0
			-3.01916 1.41753 0
			-3.59906 1.40833 0
			-4.32623 -0.773199 0
		segment:
			-4.32623 -0.773199 0
			-4.51953 0.552285 0
			-4.80488 1.09537 0
			-5.69774 2.92711 0
